6.92
7.35
7.49
7.64
7.92
7.65
8.19
8.77
8.07
8.45
8.45
8.4
8.5
8.44
8.53
8.39
8.44
8.59
8.62
8.68
8.58
8.44
8.54
8.07
8.62
8.32
8.71
8.84
8.57
8.48
8.48
8.48
8.4
8.56
8.73
8.82
8.36
8.58
8.67
8.41
8.51
8.35
8.58
8.73
8.87
8.57
8.51
8.74
8.74
8.56
8.58
8.47
8.77
8.51
8.69
8.45
8.65
8.57
8.44
8.61
8.73
8.4
8.69
8.65
8.55
8.73
8.78
8.58
8.71
8.74
8.65
8.71
8.46
8.72
8.55
8.41
8.53
8.63
8.49
8.26
8.34
8.68
8.77
8.66
8.61
8.67
8.51
8.77
8.69
8.2
8.7
8.5
8.25
8.27
8.84
8.79
8.59
8.46
8.56
8.49
8.52
8.59
8.12
8.56
8.48
8.77
8.36
8.63
8.3
8.49
8.65
8.57
8.56
8.8
8.69
8.49
8.71
8.29
8.56
8.62
8.51
8.73
8.58
8.48
8.71
8.71
8.48
8.7
8.82
8.4
8.59
8.53
8.7
8.38
8.46
8.88
8.54
8.36
8.25
8.58
8.31
8.53
8.75
8.35
8.63
8.4
8.57
8.4
8.44
8.72
8.65
8.74
8.38
8.42
8.47
8.71
8.57
8.54
8.4
8.51
8.58
8.73
8.6
8.43
8.67
8.78
8.31
8.72
8.55
8.54
8.67
8.47
8.89
8.65
8.77
8.26
8.48
8.64
8.32
8.5
8.89
8.57
8.66
8.74
8.69
8.49
8.4
8.4
8.79
8.06
8.67
8.5
8.81
8.53
8.64
8.69
8.68
8.69
8.71
8.73
8.55
8.67
8.53
8.73
8.39
8.68
8.55
8.51
8.65
8.34
8.58
8.71
8.45
8.36
8.4
8.41
8.25
8.46
8.76
8.77
8.45
8.6
8.35
8.71
8.55
8.71
8.37
8.68
8.64
8.53
8.69
8.45
8.9
8.54
8.71
8.4
8.62
8.3
8.49
8.57
8.51
8.52
8.48
8.65
8.74
8.57
8.54
8.66
8.69
8.72
8.62
8.62
8.4
8.53
8.61
8.54
8.75
8.58
8.43
8.42
8.49
8.61
8.83
8.59
8.5
8.85
8.77
8.71
8.49
8.66
8.63
8.02
8.71
8.75
8.55
8.82
8.85
8.47
8.4
8.41
8.56
8.47
8.19
8.54
8.7
8.54
8.45
8.56
8.59
8.64
8.58
8.76
8.81
8.75
8.67
8.4
8.59
8.71
8.86
8.66
8.73
8.15
8.57
8.58
8.39
8.37
8.52
8.53
8.81
8.6
8.44
8.46
8.51
8.62
8.22
8.56
8.72
8.72
8.4
8.47
8.5
8.66
8.5
8.35
8.25
8.33
8.51
8.66
8.42
8.32
8.74
8.66
8.41
8.54
8.54
8.33
8.47
8.72
8.44
8.55
8.11
8.83
8.69
8.51
8.2
8.56
8.3
8.65
8.47
8.59
8.48
8.39
8.75
8.41
8.55
8.72
8.59
8.64
8.66
8.27
8.74
8.28
8.55
8.38
8.83
8.49
8.7
8.3
8.67
8.65
8.8
8.45
8.27
8.5
8.63
8.77
8.62
8.81
8.36
8.68
8.73
8.44
8.63
8.58
8.64
8.4
8.62
8.39
8.43
8.66
8.12
8.2
8.7
8.47
8.86
8.46
8.7
8.52
8.6
8.55
8.5
8.87
8.64
8.47
8.3
8.52
8.42
8.57
8.63
8.46
8.73
8.43
8.42
8.59
8.32
8.38
8.53
8.72
8.61
8.86
8.33
8.34
8.26
8.25
8.64
8.68
8.41
8.58
8.58
8.61
8.29
8.67
8.76
8.71
8.51
8.62
8.48
8.81
8.87
8.44
8.91
8.5
8.51
8.62
8.59
8.84
8.76
8.73
8.73
8.39
8.51
8.48
8.47
8.59
8.6
8.65
8.64
8.48
8.57
8.66
8.55
8.68
8.53
8.53
8.45
8.45
8.09
8.49
8.51
8.54
8.32
8.64
8.49
8.59
8.58
8.31
8.32
8.23
8.44
8.65
8.59
8.3
8.74
8.57
8.63
8.61
8.76
8.47
8.67
8.64
8.53
8.82
8.4
8.63
8.45
8.69
8.48
8.46
8.42
8.67
8.68
8.49
8.51
8.5
8.5
8.6
8.59
8.38
8.73
8.14
8.65
8.63
8.46
8.56
8.53
8.31
8.85
8.23
8.69
8.5
8.67
8.82
8.48
8.74
8.26
8.31
8.74
8.52
8.42
8.33
8.64
8.48
8.7
8.84
8.63
8.41
8.62
8.77
8.57
8.52
8.57
8.73
8.58
8.56
8.58
8.63
8.36
8.33
8.46
8.61
8.64
8.79
8.5
8.72
8.52
8.67
8.86
8.7
8.6
8.61
8.45
8.37
8.25
8.41
8.2
8.55
8.34
8.43
8.6
8.56
8.76
8.76
8.72
8.73
8.39
8.54
8.74
8.46
8.37
8.6
8.56
8.63
8.51
8.42
8.46
8.66
8.35
8.55
8.51
8.71
8.36
8.52
8.63
8.54
8.5
8.68
8.68
8.6
8.39
8.9
8.54
8.75
8.63
8.66
8.76
8.17
8.32
8.63
8.65
8.54
8.82
8.67
8.3
8.32
8.37
8.45
8.62
8.68
8.48
8.21
8.64
8.73
8.52
8.55
8.81
8.43
8.78
8.25
8.2
8.26
8.56
8.5
8.69
8.66
8.76
8.58
8.47
8.33
8.64
8.44
8.64
8.58
8.79
8.6
8.67
8.61
8.51
8.68
8.62
8.7
8.49
8.74
8.53
8.43
8.2
8.59
8.42
8.67
8.45
8.37
8.72
8.37
8.46
8.36
8.71
8.58
8.76
8.36
8.5
8.32
8.68
8.5
8.6
8.78
8.47
8.41
8.58
8.54
8.35
8.17
8.29
8.36
8.74
8.36
8.46
8.47
8.48
8.81
8.69
8.77
8.43
8.7
8.73
8.33
8.61
8.61
8.65
8.77
8.54
8.51
8.64
8.54
8.65
8.42
8.49
8.61
8.53
8.56
8.53
8.72
8.67
8.74
8.72
8.71
8.63
8.31
8.58
8.38
8.03
8.14
8.5
8.45
8.39
8.46
8.27
8.43
8.7
8.61
8.55
8.73
8.72
8.61
8.65
8.65
8.46
8.55
8.62
8.77
8.56
8.51
8.44
8.07
8.51
8.66
8.68
8.75
8.61
8.68
8.84
8.54
8.2
8.55
8.68
8.57
8.49
8.38
8.72
8.56
8.47
8.51
8.62
8.63
8.63
8.75
8.69
8.65
8.62
8.5
8.51
8.66
8.6
8.29
8.54
8.51
8.53
8.61
8.82
8.52
8.64
8.68
8.73
8.54
8.61
8.9
8.64
8.54
8.55
8.75
8.53
8.62
8.78
8.37
8.76
8.81
8.58
8.54
8.81
8.47
8.35
8.45
8.7
8.49
8.76
8.49
8.23
8.55
8.51
8.39
8.3
8.64
8.56
8.46
8.57
8.19
8.62
8.72
8.61
8.31
8.41
8.23
8.48
8.45
8.58
8.54
8.69
8.68
8.72
8.56
8.54
8.57
8.6
8.28
8.7
8.69
8.52
8.26
8.56
8.64
8.51
8.73
8.72
8.55
8.84
8.28
8.55
8.57
8.44
8.76
8.54
8.39
8.73
8.49
8.29
8.52
8.6
8.73
8.48
8.72
8.56
8.37
8.64
8.63
8.8
8.51
8.36
8.57
8.76
8.39
8.62
8.85
8.69
8.48
8.46
8.64
8.75
8.51
8.54
8.5
8.45
8.4
8.58
8.62
8.35
8.62
8.6
8.5
8.28
8.5
8.67
8.51
8.7
8.32
8.6
8.74
8.09
8.75
8.61
8.62
8.01
8.65
8.71
8.55
8.49
8.41
8.36
8.43
8.44
8.52
8.72
8.42
8.67
8.58
8.62
8.67
8.46
8.68
8.41
8.52
8.35
8.64
8.35
8.3
8.75
8.63
7.97
8.61
8.67
8.67
8.74
8.46
8.7
8.58
8.46
8.46
8.67
8.64
8.72
8.44
8.72
8.45
8.38
8.66
8.59
8.75
8.54
8.83
8.49
8.79
8.67
8.81
8.32
8.59
8.52
8.72
8.48
8.62
8.5
8.75
8.32
8.36
8.78
8.25
8.64
8.55
8.61
8.27
8.29
8.72
8.59
8.62
8.55
8.5
8.52
8.63
8.27
8.67
8.52
8.41
8.65
8.55
8.73
8.83
8.37
8.7
8.57
8.46
8.3
8.48
8.66
8.9
8.49
8.64
8.46
8.57
8.42
8.64
8.48
8.3
8.6
8.73
[0.0, 0.09887869520897044, 0.21333333333333335, 0.3118279569892473, 0.3941747572815534, 0.5155925155925156, 0.5796954314720812, 0.6911627906976744, 0.7882913546630361, 0.8991194635024803]
