0.0
0.07
6.44
6.88
6.94
7.0
6.99
7.01
7.0
6.96
6.9
6.94
7.09
6.9
7.0
7.0
6.98
7.05
6.97
7.0
7.02
6.93
7.0
7.0
6.9
6.94
6.94
6.94
6.98
6.93
7.0
7.0
6.98
6.98
7.0
6.83
6.98
6.98
6.96
7.0
6.87
6.96
6.9
6.93
7.0
7.0
7.02
6.96
6.99
6.98
7.0
6.97
7.0
7.0
7.0
7.0
7.01
6.94
7.0
6.99
6.98
6.98
7.0
7.0
6.93
7.0
6.97
6.91
6.99
7.0
6.9
6.92
7.01
7.0
6.96
6.93
6.96
6.95
6.89
7.0
6.89
6.92
7.0
7.0
6.95
7.0
6.93
6.99
7.0
7.0
7.01
6.93
7.0
6.88
6.92
7.01
7.0
6.97
7.0
7.0
7.0
6.95
7.01
6.9
6.96
6.93
7.01
7.0
7.0
7.0
6.84
7.0
7.01
6.88
7.0
7.0
7.0
7.02
7.01
6.9
7.0
7.01
6.89
6.95
6.87
6.93
6.98
6.9
6.92
7.0
6.97
7.02
6.96
6.95
7.0
6.95
6.97
6.96
7.0
6.95
7.0
6.93
6.99
6.95
6.98
6.93
7.0
6.93
6.93
7.0
6.97
7.0
7.0
7.02
6.93
8.64
8.96
9.0
8.99
8.95
8.91
9.0
9.0
9.0
9.0
8.94
8.97
8.83
9.0
8.95
8.89
8.88
8.98
9.0
8.89
9.0
8.91
8.87
9.0
8.98
9.0
8.83
9.0
8.94
9.0
8.97
8.82
9.0
8.98
8.98
9.0
9.0
8.84
9.0
8.92
8.8
9.0
9.0
8.96
8.98
8.97
9.0
8.97
8.99
9.0
8.93
8.99
8.94
9.0
8.88
9.0
9.0
8.99
8.99
9.0
9.0
9.0
9.0
8.91
9.0
8.93
8.95
9.0
9.0
8.96
8.92
9.0
9.0
8.94
9.0
9.0
8.99
8.93
8.91
9.0
9.0
8.89
8.95
9.0
9.0
8.95
8.89
8.9
8.87
8.93
8.91
9.0
9.0
8.95
9.0
9.0
8.97
8.85
9.0
8.96
8.94
9.0
8.95
8.91
8.96
9.0
9.0
8.98
9.0
8.94
9.0
9.0
9.0
9.0
9.0
9.0
9.0
9.0
8.94
8.88
8.91
8.91
8.94
9.0
9.0
8.98
9.0
8.87
9.0
8.93
8.93
8.87
9.0
8.96
8.9
8.87
8.98
9.0
9.0
8.96
8.9
8.95
8.87
9.0
9.0
9.0
8.99
8.94
8.93
9.0
9.0
9.0
9.0
8.97
8.94
8.96
8.92
8.79
8.89
8.96
9.0
8.99
9.0
8.91
8.93
8.92
9.0
9.0
8.99
8.99
9.0
9.0
8.95
8.91
9.0
8.87
8.95
9.0
9.0
8.92
9.0
9.0
8.97
9.0
9.0
8.92
9.0
8.99
8.75
8.97
9.0
8.92
9.0
8.88
9.0
8.96
8.96
8.96
9.0
8.96
9.0
8.97
8.97
9.0
8.97
9.0
8.96
8.93
9.0
8.94
9.0
9.0
9.0
8.93
8.99
8.88
8.97
8.97
9.0
8.95
9.0
8.96
8.84
8.93
9.0
8.94
8.95
8.95
8.98
8.95
8.95
8.97
8.91
9.0
8.99
8.93
9.0
8.8
8.99
9.0
9.0
9.0
9.0
8.95
8.93
8.97
8.94
8.78
8.98
8.94
8.83
8.95
8.95
8.93
9.0
8.99
9.0
8.97
9.0
8.95
9.0
9.0
9.0
9.0
9.0
9.0
8.91
8.89
9.0
8.94
8.99
8.78
8.93
8.94
8.97
8.87
9.0
8.93
8.94
9.0
8.87
9.0
9.0
8.85
9.0
9.0
9.0
9.0
9.0
8.93
9.0
8.89
8.95
9.0
8.95
8.93
8.86
9.0
8.92
8.93
8.97
9.0
8.91
9.0
8.97
8.99
8.99
8.8
8.88
8.93
8.91
9.0
8.89
9.0
8.89
9.0
8.94
9.0
9.0
8.98
8.96
8.99
8.95
8.97
8.96
8.84
9.0
9.0
8.95
9.0
8.91
8.96
8.98
8.96
9.0
8.92
8.91
8.9
9.0
8.91
8.98
8.94
9.0
8.99
9.0
9.0
8.85
9.0
9.0
8.95
9.0
8.93
8.97
8.94
9.0
8.94
9.0
8.86
9.0
8.99
9.0
8.92
9.0
9.0
9.0
8.94
9.0
8.97
9.0
8.94
8.95
8.98
9.0
8.92
9.0
9.0
8.97
8.92
8.88
8.92
8.94
9.0
9.0
9.0
9.0
9.0
8.96
9.0
8.94
8.91
8.93
9.0
8.98
8.95
8.93
8.96
8.93
9.0
9.0
8.91
9.0
9.0
9.0
8.93
9.0
9.0
8.93
8.91
8.94
8.82
8.94
9.0
9.0
8.98
8.96
9.0
8.98
8.94
9.0
8.9
8.92
9.0
8.88
8.95
8.99
8.98
9.0
8.95
9.0
8.94
9.0
8.85
9.0
9.0
9.0
9.0
9.0
8.98
8.92
8.94
8.89
9.0
8.92
8.84
8.93
8.92
8.95
8.93
8.92
8.96
8.94
9.0
8.93
8.94
8.93
8.89
8.93
8.91
9.0
8.91
9.0
9.0
8.93
8.99
9.0
8.95
8.99
8.95
8.91
9.0
9.0
9.0
8.94
8.98
8.95
9.0
9.0
9.0
8.91
9.0
8.91
8.86
8.99
8.95
8.96
9.0
8.93
8.89
9.0
8.84
8.91
8.96
9.0
9.0
8.98
8.99
9.0
8.96
9.0
8.92
8.9
9.0
8.94
8.95
8.97
8.97
8.96
8.85
8.92
8.99
8.92
8.93
8.96
8.9
9.0
9.0
8.95
8.93
9.0
8.98
8.87
9.0
8.98
8.95
9.0
8.93
8.93
8.94
8.91
8.92
8.95
8.89
8.89
8.95
8.99
8.83
8.92
9.0
8.93
9.0
8.92
8.94
8.92
9.0
8.91
9.0
9.0
8.96
8.94
9.0
9.0
9.0
9.0
8.91
8.93
9.0
9.0
9.0
8.96
8.92
9.0
9.0
8.93
8.96
9.0
8.86
9.0
8.96
8.88
9.0
8.99
9.0
8.98
8.92
9.0
8.93
8.93
8.96
9.0
9.0
9.0
8.94
9.0
8.89
9.0
9.0
9.0
8.92
9.0
8.91
9.0
8.91
9.0
8.95
9.0
8.93
8.97
8.87
8.91
9.0
8.95
8.89
8.98
9.0
9.0
8.95
8.88
8.92
8.95
8.94
9.0
8.97
9.0
8.97
9.0
8.94
8.77
9.0
8.98
9.0
9.0
9.0
9.0
8.93
9.0
8.95
8.91
9.0
9.0
8.92
8.92
9.0
8.88
9.0
8.98
9.0
8.92
9.0
9.0
9.0
8.88
9.0
8.92
8.95
8.81
9.0
8.89
9.0
9.0
8.86
8.9
9.0
9.0
8.99
9.0
8.99
8.9
9.0
9.0
8.95
9.0
8.99
8.92
8.98
9.0
9.0
8.91
8.98
8.92
9.0
9.0
8.96
8.9
8.96
8.86
8.98
8.97
8.94
8.92
8.88
8.89
8.94
8.98
9.0
9.0
8.94
8.9
8.9
9.0
9.0
9.0
8.96
9.0
8.8
8.91
9.0
9.0
9.0
8.99
8.94
8.92
8.94
9.0
8.93
9.0
8.91
8.88
8.93
8.94
8.92
8.89
8.91
9.0
8.96
8.99
8.91
8.97
8.93
9.0
8.99
8.95
9.0
8.91
9.0
9.0
9.0
9.0
9.0
9.0
8.95
8.99
9.0
9.0
9.0
8.96
8.98
8.98
8.99
9.0
9.0
8.96
9.0
9.0
8.97
8.98
8.97
9.0
8.95
8.98
8.94
8.86
8.75
9.0
9.0
9.0
8.91
8.98
9.0
8.9
9.0
8.93
9.0
9.0
8.97
9.0
8.99
8.99
8.97
8.96
8.96
8.83
8.97
8.93
8.9
8.91
8.94
8.91
8.9
8.98
8.94
8.94
8.9
8.95
8.99
9.0
8.92
8.93
9.0
9.0
8.94
8.97
8.91
8.98
8.96
8.97
8.87
9.0
8.91
9.0
9.0
8.97
8.85
9.0
8.91
8.97
8.93
8.95
8.95
9.0
9.0
8.9
9.0
9.0
8.86
8.72
9.0
8.95
8.96
8.79
8.92
8.96
9.0
8.92
8.94
9.0
9.0
9.0
9.0
9.0
9.0
8.93
9.0
8.87
9.0
8.92
9.0
8.92
8.94
8.98
8.94
8.97
9.0
9.0
9.0
8.92
[0.0, 0.04938271604938271, 0.25, 0.39814814814814814, 0.4180327868852459, 0.48672566371681414, 0.6521739130434783, 0.6998155953635405, 0.7984496124031008, 0.9008727211948282]
