3.55
6.79
6.67
8.45
8.57
8.63
8.62
8.46
8.44
8.7
8.83
8.57
8.44
8.66
8.62
8.54
8.58
8.52
8.75
8.42
8.63
8.76
8.75
8.55
8.59
8.6
8.2
8.63
8.71
8.58
8.61
8.46
8.54
8.59
8.71
8.34
8.67
8.92
8.6
8.36
8.5
8.52
8.48
8.69
8.33
8.45
8.4
8.39
8.23
8.24
8.6
8.1
8.23
8.44
8.32
8.42
8.5
8.29
8.71
8.48
8.56
8.65
8.55
8.49
8.45
8.62
8.61
8.71
8.51
8.69
8.8
8.77
8.77
8.43
8.84
8.36
8.88
8.45
8.76
8.72
8.56
8.59
8.67
8.2
8.35
8.46
8.87
8.59
8.65
8.49
8.58
8.51
8.49
8.59
8.44
8.74
8.66
8.59
8.62
8.47
8.66
8.7
8.64
8.26
8.38
8.71
8.73
8.32
8.58
8.27
8.3
8.36
8.69
8.65
8.58
8.33
8.63
8.64
8.33
8.44
8.52
8.47
8.64
8.8
8.72
8.56
8.37
8.72
8.85
8.8
8.14
8.6
8.42
8.79
8.68
8.53
8.77
8.64
8.67
8.53
8.33
8.68
8.61
8.42
8.57
8.54
8.81
8.68
8.32
8.67
8.56
8.76
8.61
8.76
8.38
8.35
8.51
8.82
8.74
8.67
8.72
8.8
8.49
8.21
8.46
8.4
8.59
8.64
8.6
8.45
8.59
8.43
8.65
8.66
8.64
8.71
8.53
8.31
8.63
8.53
8.6
8.77
8.76
8.46
8.88
8.7
8.58
8.5
8.01
8.68
8.52
8.79
8.37
8.5
8.32
8.24
8.72
8.55
8.55
8.65
8.59
8.66
8.48
8.47
8.79
8.72
8.46
8.71
8.39
8.39
8.66
8.36
8.64
8.31
8.41
8.67
8.37
8.62
8.56
8.91
8.67
8.69
8.68
8.35
8.46
8.4
8.64
8.54
8.25
8.44
8.47
8.42
8.28
8.63
8.66
8.18
8.63
8.71
8.36
8.63
8.55
8.64
8.45
8.29
8.58
8.42
8.6
8.46
8.23
8.74
8.43
8.57
8.6
8.52
8.38
8.56
8.61
8.67
8.28
8.41
8.54
8.44
8.36
8.46
8.41
8.46
8.36
8.39
8.73
8.17
8.45
8.66
8.74
8.6
8.56
8.71
8.46
8.28
8.76
8.63
8.5
8.61
8.51
8.64
8.53
8.49
8.28
8.44
8.65
8.42
8.39
8.57
8.44
8.6
8.64
8.8
8.77
8.48
8.53
8.96
8.83
8.5
8.52
8.64
8.26
8.4
8.23
8.51
8.17
8.64
8.3
8.65
8.33
8.64
8.69
8.69
8.23
8.45
8.61
8.52
8.51
8.61
8.46
8.46
8.74
8.93
8.64
8.63
8.56
8.75
8.47
8.61
8.45
8.6
8.56
8.51
8.31
8.43
8.75
8.5
8.7
8.59
8.37
8.65
8.55
8.68
8.89
8.53
8.74
8.55
8.64
8.45
8.37
8.49
8.52
8.28
8.07
8.28
8.59
8.59
8.38
8.79
8.6
8.37
8.56
8.46
8.54
8.51
8.64
8.82
8.29
8.69
8.52
8.57
8.44
8.62
8.65
8.64
8.52
8.9
8.6
8.7
8.7
8.32
8.73
8.67
8.53
8.34
8.6
8.79
8.48
8.45
8.53
8.56
8.75
8.65
8.26
8.5
8.48
8.46
8.62
8.72
8.3
8.66
8.66
8.66
8.22
8.55
8.74
8.53
8.6
8.53
8.34
8.81
8.61
8.6
8.4
8.71
8.49
8.72
8.54
8.14
8.95
8.25
8.33
8.6
8.34
8.6
8.56
8.7
8.27
8.45
8.47
8.5
8.17
8.48
8.66
8.51
8.68
8.42
8.82
8.45
8.4
8.23
8.19
8.69
8.58
8.43
8.35
8.58
8.66
8.61
8.37
8.31
8.66
8.38
8.66
8.69
8.49
8.66
8.7
8.44
8.45
8.43
8.45
8.47
8.42
8.83
8.5
8.59
8.27
8.59
8.73
8.72
8.83
8.58
8.8
8.56
8.74
8.31
8.66
8.69
8.67
8.36
8.59
8.56
8.39
8.38
8.81
8.67
8.71
8.46
8.39
8.78
8.61
8.65
8.78
8.38
8.8
8.27
8.37
8.35
8.69
8.39
8.6
8.59
8.69
8.61
8.71
8.72
8.43
8.76
8.56
8.4
8.6
8.67
8.45
8.69
8.38
8.42
8.06
8.5
8.35
8.78
8.66
8.63
8.5
8.59
8.69
8.54
8.56
8.48
8.52
8.52
8.47
8.46
8.46
8.42
8.78
8.26
8.47
8.35
8.31
8.5
8.74
8.61
8.29
8.65
8.65
8.32
8.49
8.67
8.46
8.48
8.41
8.7
8.27
8.8
8.42
8.51
8.62
8.69
8.84
8.44
8.62
8.57
8.69
8.51
8.6
8.6
8.54
8.62
8.48
8.47
8.7
8.45
8.46
8.75
8.51
8.42
8.71
8.41
8.55
8.81
8.54
8.68
8.55
8.39
8.57
8.93
8.33
8.65
8.61
8.44
8.62
8.47
8.62
8.59
8.49
8.38
8.69
8.44
8.72
8.57
8.51
8.39
8.45
8.41
8.61
8.79
8.53
8.42
8.72
8.65
8.83
8.42
8.7
8.6
8.51
8.47
8.68
8.73
8.06
8.7
8.69
8.68
8.59
8.54
8.43
8.73
8.52
8.21
8.45
8.61
8.51
8.33
7.99
8.61
8.64
8.61
8.73
8.57
8.69
8.32
8.7
8.68
8.28
8.33
8.54
8.57
8.12
8.31
8.6
8.53
8.56
8.32
8.5
8.61
8.76
8.75
8.89
8.56
8.35
8.69
8.61
8.57
8.66
8.5
8.5
8.63
8.2
8.69
8.31
8.46
8.49
8.6
8.84
8.58
8.43
8.38
8.78
8.8
8.55
8.54
8.61
8.64
8.77
8.65
8.34
8.43
8.42
8.65
8.66
8.87
8.83
8.6
8.36
8.77
8.33
8.65
8.88
8.54
8.38
8.14
8.41
8.53
8.58
8.65
8.51
8.5
8.77
8.37
8.23
8.61
8.58
8.42
8.53
8.29
8.42
8.4
8.76
8.69
8.62
8.33
8.26
8.86
8.56
8.41
8.52
8.48
8.41
8.73
8.52
8.58
8.14
8.57
8.49
8.62
8.0
8.73
8.43
8.47
8.54
8.75
8.54
8.23
8.26
8.32
8.43
8.4
8.84
8.59
8.64
8.69
8.63
8.59
8.67
8.78
8.25
8.44
8.59
8.75
8.43
8.68
8.35
8.67
8.38
8.57
8.39
8.37
8.56
8.55
8.52
8.52
8.58
8.22
8.6
8.64
8.64
8.56
8.58
8.73
8.67
8.5
8.73
8.55
8.58
8.67
8.56
8.44
8.66
8.23
8.74
8.8
8.4
8.51
8.71
8.53
8.45
8.48
8.51
8.76
8.31
8.48
8.47
8.54
8.18
8.65
8.46
8.83
8.32
8.56
8.43
8.42
8.64
8.75
8.78
8.43
8.56
8.58
8.63
8.36
8.28
8.66
8.55
8.54
8.71
8.41
8.64
8.54
8.57
8.65
8.6
8.59
8.67
8.7
8.58
8.58
8.52
8.66
8.54
8.17
8.53
8.61
8.55
8.33
8.62
8.21
8.39
8.62
8.76
8.67
8.59
8.79
8.85
8.82
8.63
8.62
8.5
8.35
8.75
8.53
8.53
8.72
8.52
8.55
8.62
8.72
8.67
8.6
8.72
8.49
8.3
8.3
8.59
8.56
8.5
8.69
8.8
8.63
8.59
8.47
8.47
8.41
8.36
8.63
8.46
8.58
8.73
8.44
8.3
8.34
8.4
8.43
8.63
8.37
8.46
8.25
8.32
8.65
8.5
8.7
8.49
8.35
8.43
8.22
8.67
8.61
8.76
8.49
8.7
8.71
8.39
8.66
8.44
8.66
8.42
8.47
8.26
8.52
8.4
8.63
8.45
8.22
8.65
8.66
8.41
8.5
8.27
8.62
8.31
8.58
8.49
8.74
8.47
8.36
8.63
8.5
8.62
8.7
8.35
8.57
8.62
8.53
8.49
8.69
8.73
8.54
8.41
8.61
8.63
8.11
8.57
8.61
8.61
8.76
8.55
8.7
8.54
8.65
8.77
8.49
8.64
8.64
8.55
8.39
8.53
8.77
8.55
8.33
8.51
8.44
8.15
8.51
8.42
8.53
8.35
8.49
8.69
8.47
8.62
8.75
8.69
8.69
8.63
8.67
8.49
8.72
8.37
8.76
8.52
8.61
8.65
8.84
8.67
8.54
8.79
8.55
8.31
8.57
[0.0, 0.0940940940940941, 0.18190954773869347, 0.3353596757852077, 0.42005676442762535, 0.49903846153846154, 0.608433734939759, 0.6918833727344366, 0.8032290615539859, 0.8999679915232723]
